Point(1) = {0, 0, 0, 0.040000};
Point(2) = {3.916435, 0, 0, 0.040000};
Point(3) = {3.916435, 2.816156, 0, 0.040000};
Point(4) = {0, 2.816156, 0, 0.040000};

